{
  "advancedEditorSelectedIdentifier" : "ShaderGraphEditorPluginID",
  "openSceneRelativePaths" : [
    "Immersive.usda"
  ],
  "recentIdentifiers" : {
    "AF09ED6F-1707-48FD-8720-65B998362C09" : [

    ]
  },
  "sceneCameraHistory" : {
    "AF09ED6F-1707-48FD-8720-65B998362C09" : [
      {
        "date" : 757582867.201576,
        "title" : "Untitled",
        "transform" : [
          0.9518707,
          -2.118307e-08,
          0.3065,
          0,
          0.18359001,
          0.8007577,
          -0.57015955,
          0,
          -0.24543206,
          0.5989886,
          0.76221764,
          0,
          -0.19477797,
          0.51787156,
          0.54009134,
          1
        ]
      },
      {
        "date" : 757475100.848303,
        "title" : "Untitled",
        "transform" : [
          0.9143355,
          -2.0260932e-08,
          0.40495768,
          0,
          0.29575098,
          0.68309927,
          -0.66776246,
          0,
          -0.2766261,
          0.73032564,
          0.62458175,
          0,
          -0.22758606,
          0.61443156,
          0.4648005,
          1
        ]
      },
      {
        "date" : 757475090.056186,
        "title" : "Untitled",
        "transform" : [
          0.87344533,
          -1.3164643e-08,
          0.48692212,
          0,
          0.44406635,
          0.41022077,
          -0.7965702,
          0,
          -0.19974539,
          0.91198635,
          0.3583053,
          0,
          -0.135321,
          0.47384506,
          0.17560919,
          1
        ]
      },
      {
        "date" : 757475078.848393,
        "title" : "Untitled",
        "transform" : [
          0.9866999,
          -1.4102385e-08,
          0.16255216,
          0,
          0.15304798,
          0.33692545,
          -0.9290089,
          0,
          -0.054767825,
          0.9415314,
          0.33244413,
          0,
          -0.061703034,
          0.48968044,
          0.17345122,
          1
        ]
      },
      {
        "date" : 757475073.04599,
        "title" : "Untitled",
        "transform" : [
          0.9887529,
          -1.301894e-08,
          0.14955907,
          0,
          0.14630271,
          0.20753807,
          -0.96722466,
          0,
          -0.03103906,
          0.978227,
          0.20520365,
          0,
          -0.049409583,
          0.5096774,
          0.10814653,
          1
        ]
      },
      {
        "date" : 757475054.931157,
        "title" : "Untitled",
        "transform" : [
          0.90494955,
          -1.3050403e-08,
          0.42551905,
          0,
          0.41320032,
          0.23887573,
          -0.8787513,
          0,
          -0.101645984,
          0.9710502,
          0.21617033,
          0,
          -0.0970756,
          0.5063427,
          0.16217044,
          1
        ]
      },
      {
        "date" : 757475046.030451,
        "title" : "Untitled",
        "transform" : [
          0.89368254,
          -1.5649128e-08,
          0.44869983,
          0,
          0.4290783,
          0.29248413,
          -0.8546021,
          0,
          -0.13123739,
          0.9562705,
          0.26138785,
          0,
          -0.13532975,
          0.48726225,
          0.19294783,
          1
        ]
      },
      {
        "date" : 757475035.481384,
        "title" : "Untitled",
        "transform" : [
          0.9531415,
          -1.6784496e-08,
          0.30252486,
          0,
          0.29200432,
          0.26142278,
          -0.9199954,
          0,
          -0.07908671,
          0.9652245,
          0.24917278,
          0,
          -0.10043877,
          0.4923995,
          0.173721,
          1
        ]
      },
      {
        "date" : 757475028.612543,
        "title" : "Untitled",
        "transform" : [
          0.9188338,
          -1.5598985e-08,
          0.39464477,
          0,
          0.38420063,
          0.22853565,
          -0.89451736,
          0,
          -0.0901902,
          0.97353566,
          0.20998617,
          0,
          -0.11553099,
          0.50190425,
          0.13533528,
          1
        ]
      },
      {
        "date" : 757475019.71742,
        "title" : "Untitled",
        "transform" : [
          0.9999683,
          -1.46553445e-08,
          -0.007963871,
          0,
          -0.007433974,
          0.35869235,
          -0.9334262,
          0,
          0.002856718,
          0.93345594,
          0.3586808,
          0,
          -0.04171363,
          0.47625947,
          0.15960741,
          1
        ]
      }
    ]
  },
  "sceneViewportBackgroundColors" : {

  }
}